3,2
3,1
3,3
10,16
10,254
10,4
10,194
10,84
10,262
10,280
10,30
10,2
10,3
11,7
11,18
11,9
11,8
11,11
11,16
8,12
8,9
18,1
18,3
401,9
401,8
401,7
401,6
401,5
14,1
14,4
401,4
399,8
14,3
399,7
399,6
399,5
399,4
399,3
399,2
399,1
399,0
398,7
398,6
398,5
398,4
398,3
398,2
398,1
398,0
397,7
397,6
397,5
397,4
397,3
397,2
397,1
397,0
396,6
396,5
396,4
396,3
396,2
396,1
396,0
395,7
395,6
395,5
395,4
395,3
395,2
395,1
395,0
394,7
394,6
394,5
394,4
394,3
394,2
394,1
394,0
393,9
393,8
393,7
393,6
393,5
393,4
393,3
393,2
393,1
393,0
392,8
392,7
392,6
392,5
392,4
392,3
392,2
392,1
392,0
391,5
391,4
391,3
391,2
391,1
391,0
390,5
390,4
390,3
390,2
390,1
390,0
389,5
389,4
389,1
389,3
389,2
20,3
20,2
2,2
20,1
2,1
19,3
19,2
